ISS (ZARYA)             
1 25544U 98067A   24270.82919909  .00030039  00000+0  53678-3 0  9998
2 25544  51.6366 171.9406 0007236  35.0669 325.0795 15.49740538474310
CSS (TIANHE)            
1 48274U 21035A   24270.81851374  .00061405  00000+0  66113-3 0  9993
2 48274  41.4671 183.4093 0004343  31.2792 328.8306 15.62787661194997
ISS (NAUKA)             
1 49044U 21066A   24270.82919909  .00030039  00000+0  53678-3 0  9994
2 49044  51.6366 171.9406 0007236  35.0669 325.0795 15.49740538180382
FREGAT DEB              
1 49271U 11037PF  24270.67286198  .00014155  00000+0  36111-1 0  9995
2 49271  51.6378  55.3531 0906381 344.6057  12.8811 12.20600309147582
CSS (WENTIAN)           
1 53239U 22085A   24270.81851374  .00061405  00000+0  66113-3 0  9996
2 53239  41.4671 183.4093 0004343  31.2792 328.8306 15.62787661124289
CSS (MENGTIAN)          
1 54216U 22143A   24270.81851374  .00061405  00000+0  66113-3 0  9997
2 54216  41.4671 183.4093 0004343  31.2792 328.8306 15.62787661108704
TIANZHOU-7              
1 58811U 24013A   24270.81851374  .00061405  00000+0  66113-3 0  9990
2 58811  41.4671 183.4093 0004343  31.2792 328.8306 15.62787661159929
CREW DRAGON 8           
1 59097U 24042A   24270.82919909  .00030039  00000+0  53678-3 0  9990
2 59097  51.6366 171.9406 0007236  35.0669 325.0795 15.49740538472699
1998-067WL              
1 59561U 98067WL  24270.96453617  .00122971  00000+0  97596-3 0  9992
2 59561  51.6283 160.8073 0001673 176.0969 184.0042 15.70374847 25207
SNOOPI                  
1 59563U 98067WN  24269.79580319  .02239490  64862-2  16132-2 0  9995
2 59563  51.6152 156.6182 0007784 233.6043 126.4257 16.16734086 25169
SHENZHOU-18 (SZ-18)     
1 59591U 24078A   24270.81851374  .00061405  00000+0  66113-3 0  9997
2 59591  41.4671 183.4093 0004343  31.2792 328.8306 15.62787661 23880
SZ-17 MODULE            
1 59624U 23164C   24270.88714729  .00105368  00000+0  57898-3 0  9995
2 59624  41.4727 174.9495 0012810 252.2147 107.7300 15.78520704 23537
PROGRESS-MS 27          
1 59913U 24103A   24270.82919909  .00030039  00000+0  53678-3 0  9995
2 59913  51.6366 171.9406 0007236  35.0669 325.0795 15.49740538 18759
CYGNUS NG-21            
1 60378U 24139A   24270.82919909  .00030039  00000+0  53678-3 0  9991
2 60378  51.6366 171.9406 0007236  35.0669 325.0795 15.49740538  8294
PROGRESS-MS 28          
1 60450U 24145A   24270.82919909  .00030039  00000+0  53678-3 0  9999
2 60450  51.6366 171.9406 0007236  35.0669 325.0795 15.49740538  6596
BINAR-4                 
1 60952U 98067WS  24269.77544757  .00240753  00000+0  29404-2 0  9992
2 60952  51.6340 176.1561 0006059  55.4987 304.6577 15.59076901  4265
COSMOGIRLSAT            
1 60953U 98067WT  24270.43698802  .00129275  00000+0  17693-2 0  9991
2 60953  51.6355 173.0755 0009156  47.6980 312.4786 15.56430817  4367
SAKURA                  
1 60954U 98067WU  24270.43006331  .00166304  00000+0  21978-2 0  9997
2 60954  51.6351 173.0292 0008627  49.9784 310.1964 15.57230204  4361
1998-067WV              
1 60955U 98067WV  24270.82257895  .00370889  00000+0  35963-2 0  9998
2 60955  51.6333 170.3995 0002998  83.3091 276.8245 15.64614804  4438
BINAR-2                 
1 60956U 98067WW  24269.97057577  .00222654  00000+0  27991-2 0  9996
2 60956  51.6305 175.2049 0006889  54.7443 305.4193 15.58369930  4282
BINAR-3                 
1 60957U 98067WX  24270.72900081  .00228136  00000+0  26640-2 0  9990
2 60957  51.6317 171.2708 0005229  59.2636 300.8871 15.60305784  6391
1998-067WY              
1 60958U 98067WY  24270.76138099  .00123141  00000+0  17071-2 0  9995
2 60958  51.6361 171.4930 0009464  47.7146 312.4647 15.56107212  4404
SOYUZ-MS 26             
1 61043U 24162A   24270.82919909  .00030039  00000+0  53678-3 0  9997
2 61043  51.6366 171.9406 0007236  35.0669 325.0795 15.49740538472693
